9.353899e-02
1.944460e-01
1.239282e-01
9.187368e-02
1.975417e-01
1.169353e-01
1.067273e-01
1.840701e-01
1.929021e-01
1.793331e-01
1.921651e-01
1.925296e-01
1.881032e-01
1.659599e-01
1.681061e-01
2.003813e-01
1.962470e-01
1.761930e-01
1.761615e-01
1.957909e-01
1.786830e-01
2.041134e-01
2.081830e-01
1.767192e-01
1.966254e-01
1.318587e-01
1.930323e-01
1.830479e-01
2.032847e-01
2.247908e-01
1.970362e-01
1.900753e-01
1.913505e-01
1.653504e-01
1.999863e-01
1.667897e-01
1.810439e-01
2.243834e-01
2.460166e-01
2.123613e-01
2.212990e-01
1.969066e-01
1.979397e-01
1.975271e-01
1.920341e-01
1.933894e-01
1.951216e-01
1.967115e-01
1.969354e-01
1.973028e-01
1.859393e-01
1.998866e-01
1.986645e-01
2.132284e-01
1.908899e-01
1.972888e-01
1.934674e-01
1.962994e-01
1.870767e-01
2.110560e-01
2.010378e-01
2.316206e-01
2.046135e-01
2.030591e-01
2.056403e-01
2.041735e-01
2.319916e-01
2.360083e-01
1.990154e-01
2.018573e-01
2.005642e-01
2.015300e-01
2.019373e-01
2.033988e-01
2.333791e-01
1.989844e-01
1.965408e-01
1.979093e-01
2.507488e-01
2.480302e-01
2.002514e-01
2.327980e-01
2.233750e-01
2.084076e-01
2.751637e-01
2.672850e-01
2.684223e-01
2.359132e-01
2.680476e-01
2.304657e-01
2.150240e-01
2.298558e-01
2.265394e-01
2.278365e-01
2.203458e-01
2.220852e-01
2.192399e-01
2.165912e-01
2.598752e-01
2.233711e-01
