1.112431e+00
1.107943e+00
1.171326e+00
1.294897e+00
1.304618e+00
1.293006e+00
1.171626e+00
1.294610e+00
1.298927e+00
1.149242e+00
1.149676e+00
1.301232e+00
1.286264e+00
1.286857e+00
1.287250e+00
1.280503e+00
1.289402e+00
1.287527e+00
1.287985e+00
1.289206e+00
9.904584e-01
1.237393e+00
1.294491e+00
1.286410e+00
1.287908e+00
1.288744e+00
1.289916e+00
1.080868e+00
1.288213e+00
1.235909e+00
1.290832e+00
1.291786e+00
1.294121e+00
1.280227e+00
1.256180e-01
1.301579e+00
1.302969e+00
1.299334e+00
1.292080e+00
1.296328e+00
1.296143e+00
1.296868e+00
1.286251e+00
1.298027e+00
1.292429e+00
1.296004e+00
1.296936e+00
1.298552e+00
1.312125e+00
1.299814e+00
1.270297e+00
1.297063e+00
1.314151e+00
1.288827e+00
1.300547e+00
1.300252e+00
1.293302e+00
1.295553e+00
1.294823e+00
1.290818e+00
1.296646e+00
1.298417e+00
1.300186e+00
1.294592e+00
1.295198e+00
1.286243e+00
1.284848e+00
1.287001e+00
1.286036e+00
1.288078e+00
1.281314e+00
1.282323e+00
1.282881e+00
1.283495e+00
1.209360e+00
1.286538e+00
1.208431e+00
1.305828e+00
1.198649e+00
1.185308e+00
1.297797e+00
1.357432e+00
1.291169e+00
1.276935e+00
3.503157e+00
1.184238e+00
1.296083e+00
1.276110e+00
1.291694e+00
1.350264e+00
1.293010e+00
1.295113e+00
1.290523e+00
1.295315e+00
1.293003e+00
1.280334e+00
3.501554e+00
1.289245e+00
3.504268e+00
1.292149e+00
1.299743e+00
1.287742e+00
1.356268e+00
3.581353e+00
1.290224e+00
3.494596e+00
1.292441e+00
3.502311e+00
1.282573e+00
1.289766e+00
1.292066e+00
1.301207e+00
1.284463e+00
1.288776e+00
3.502367e+00
1.190195e+00
1.349050e+00
1.290938e+00
3.495725e+00
1.209234e+00
3.504608e+00
1.291299e+00
1.293573e+00
1.344269e+00
1.277491e+00
1.204612e+00
1.359209e+00
3.491837e+00
1.180817e+00
3.586889e+00
3.497161e+00
3.498608e+00
3.493500e+00
3.587237e+00
3.503253e+00
3.493590e+00
3.489584e+00
3.495124e+00
3.498407e+00
3.492395e+00
3.571390e+00
3.484889e+00
3.494150e+00
3.655565e+00
3.487194e+00
1.341021e+00
3.406724e+00
3.492858e+00
3.490355e+00
3.576025e+00
3.567255e+00
3.486822e+00
3.487217e+00
3.488804e+00
3.326517e+00
3.489502e+00
3.334744e+00
3.564592e+00
3.489851e+00
3.492791e+00
3.484751e+00
3.565408e+00
3.449223e+00
3.486062e+00
3.483099e+00
3.481582e+00
3.479333e+00
3.468747e+00
3.469673e+00
3.467084e+00
3.467304e+00
3.768976e+00
3.469028e+00
2.605912e+00
3.768146e+00
3.468255e+00
3.461681e+00
3.459263e+00
3.077768e+00
3.762615e+00
3.452000e+00
3.453034e+00
3.454225e+00
3.455539e+00
3.456608e+00
3.457611e+00
3.458864e+00
3.602474e+00
3.458072e+00
3.084729e+00
3.462849e+00
3.462605e+00
3.529216e+00
3.462896e+00
3.453505e+00
3.454812e+00
3.781677e+00
3.461871e+00
3.521283e+00
3.463875e+00
3.465337e+00
3.457975e+00
3.521171e+00
3.459863e+00
3.460251e+00
3.615198e+00
3.605313e+00
3.462143e+00
3.790010e+00
3.605709e+00
3.518203e+00
3.460372e+00
3.460008e+00
3.424812e+00
3.425939e+00
3.427352e+00
3.426255e+00
3.798224e+00
3.432101e+00
3.433407e+00
3.434057e+00
3.596691e+00
3.435435e+00
3.436230e+00
3.438609e+00
3.611724e+00
3.599072e+00
3.439549e+00
3.595984e+00
3.440707e+00
3.440114e+00
3.441091e+00
3.596125e+00
3.583570e+00
3.442903e+00
3.824979e+00
3.584154e+00
3.581507e+00
3.450639e+00
3.877602e+00
3.447368e+00
3.579459e+00
3.449544e+00
3.875563e+00
3.590980e+00
3.816768e+00
3.584337e+00
3.452751e+00
3.810379e+00
3.458556e+00
3.459553e+00
3.461881e+00
3.457669e+00
3.459285e+00
3.461275e+00
3.833033e+00
3.462938e+00
3.585634e+00
3.456857e+00
3.458806e+00
3.460526e+00
3.456832e+00
2.734844e+00
3.591374e+00
3.454193e+00
3.587596e+00
3.198653e+00
3.585904e+00
3.200498e+00
2.563295e+00
3.835350e+00
2.742558e+00
3.204126e+00
3.587172e+00
3.836678e+00
3.207856e+00
3.205106e+00
3.207660e+00
3.207957e+00
3.210965e+00
3.211206e+00
3.590058e+00
3.833695e+00
3.215136e+00
3.590491e+00
3.903425e+00
3.791893e+00
3.217548e+00
3.219567e+00
3.221959e+00
3.588767e+00
3.221192e+00
3.224080e+00
3.841871e+00
3.913474e+00
3.593687e+00
3.844961e+00
3.230051e+00
3.232616e+00
3.599313e+00
3.230696e+00
3.814319e+00
3.236342e+00
3.235876e+00
3.854476e+00
3.928006e+00
3.240335e+00
3.241175e+00
3.246316e+00
3.244818e+00
3.246358e+00
3.780093e+00
3.612660e+00
3.247725e+00
3.247315e+00
3.249232e+00
3.605032e+00
3.936355e+00
3.252384e+00
3.246032e+00
3.610254e+00
3.253020e+00
3.249803e+00
3.251358e+00
3.252793e+00
3.575598e+00
3.254479e+00
3.255719e+00
3.258302e+00
3.580158e+00
3.258706e+00
3.262239e+00
3.260697e+00
3.259872e+00
3.261893e+00
2.660122e+00
3.592144e+00
3.267718e+00
3.587809e+00
3.586387e+00
3.890288e+00
3.897491e+00
3.274393e+00
3.275910e+00
3.275841e+00
3.277150e+00
3.899855e+00
3.280830e+00
3.284509e+00
3.284392e+00
3.911885e+00
3.283830e+00
3.285346e+00
3.286840e+00
3.604338e+00
2.868055e+00
2.869800e+00
2.871455e+00
2.873209e+00
3.903737e+00
2.877198e+00
2.880317e+00
3.905122e+00
2.883728e+00
2.886357e+00
3.836956e+00
3.344614e+00
3.974142e+00
3.343147e+00
2.888384e+00
2.890363e+00
2.890492e+00
3.349803e+00
2.892889e+00
2.898320e+00
3.910442e+00
3.351703e+00
2.458962e+00
2.903183e+00
2.899463e+00
2.900829e+00
3.905309e+00
3.906615e+00
3.361664e+00
2.912807e+00
3.909131e+00
2.916036e+00
2.907557e+00
3.366096e+00
3.913076e+00
3.913781e+00
2.896004e+00
2.924969e+00
3.916964e+00
3.918619e+00
2.925991e+00
3.918735e+00
3.919186e+00
2.926057e+00
2.920397e+00
3.383843e+00
2.922043e+00
3.844904e+00
3.996233e+00
3.921398e+00
2.914097e+00
2.917565e+00
2.917698e+00
3.920909e+00
3.389443e+00
3.393670e+00
3.918049e+00
2.776660e+00
3.393649e+00
3.891792e+00
3.393993e+00
3.899103e+00
3.888517e+00
3.880902e+00
3.864683e+00
3.852698e+00
3.875111e+00
2.793550e+00
3.897773e+00
2.795193e+00
3.817627e+00
3.854577e+00
2.800035e+00
2.799323e+00
2.402459e+00
3.409923e+00
3.862460e+00
2.807046e+00
2.809982e+00
3.417842e+00
3.858946e+00
1.969245e+00
2.814213e+00
3.862979e+00
2.818162e+00
3.868906e+00
3.427593e+00
3.868018e+00
2.821373e+00
2.821611e+00
2.824634e+00
3.427306e+00
3.429657e+00
3.430174e+00
2.829109e+00
3.865046e+00
4.056467e+00
2.832124e+00
2.835011e+00
3.870613e+00
4.062100e+00
2.835279e+00
3.439314e+00
2.841315e+00
3.869630e+00
2.847857e+00
3.025289e+00
3.024025e+00
3.027702e+00
2.846596e+00
3.995251e+00
2.848905e+00
3.030025e+00
3.031163e+00
3.875761e+00
3.026293e+00
2.849035e+00
3.036215e+00
2.602962e+00
3.878732e+00
2.603453e+00
3.043043e+00
4.066695e+00
4.060083e+00
3.036242e+00
4.060173e+00
2.864979e+00
2.613735e+00
3.042841e+00
3.050296e+00
3.045347e+00
2.621837e+00
3.051963e+00
3.052569e+00
3.054003e+00
3.999632e+00
2.624717e+00
3.050553e+00
2.623132e+00
2.622182e+00
4.063662e+00
4.067301e+00
3.063085e+00
2.628331e+00
2.631874e+00
2.635394e+00
3.066199e+00
2.637468e+00
2.634504e+00
2.635076e+00
2.644911e+00
3.081816e+00
2.639349e+00
2.639362e+00
2.643398e+00
2.649357e+00
2.650564e+00
3.061184e+00
4.076918e+00
2.654029e+00
1.625529e+00
3.093901e+00
2.650633e+00
4.082662e+00
2.653239e+00
1.632275e+00
2.654938e+00
2.656823e+00
2.658439e+00
2.659539e+00
3.094201e+00
2.663304e+00
1.640657e+00
2.664931e+00
2.666800e+00
4.076921e+00
2.674249e+00
2.675714e+00
3.089411e+00
2.680210e+00
2.546704e+00
2.548130e+00
4.071744e+00
2.549709e+00
2.551142e+00
4.035832e+00
2.554127e+00
2.551618e+00
4.025061e+00
2.552839e+00
2.554883e+00
2.556838e+00
4.048019e+00
2.559063e+00
4.029030e+00
2.535323e+00
2.968885e+00
2.699379e+00
2.971205e+00
2.567163e+00
2.569527e+00
2.974321e+00
2.572009e+00
4.032748e+00
2.573653e+00
2.977011e+00
4.034717e+00
2.577137e+00
2.578666e+00
2.980234e+00
2.980541e+00
4.039944e+00
2.582408e+00
2.984274e+00
4.039868e+00
2.143019e+00
2.145110e+00
2.146566e+00
2.149569e+00
2.150558e+00
2.994911e+00
2.993830e+00
2.123610e+00
2.121870e+00
2.125153e+00
3.003419e+00
2.139628e+00
2.143327e+00
3.665278e+00
2.146531e+00
2.156645e+00
3.029368e+00
4.078285e+00
3.664181e+00
4.073091e+00
2.162493e+00
4.073244e+00
3.035266e+00
3.034380e+00
2.041644e+00
2.041934e+00
2.058333e+00
2.059979e+00
3.225906e+00
2.063667e+00
3.059905e+00
2.063820e+00
2.036058e+00
4.094903e+00
4.095959e+00
2.039078e+00
3.073121e+00
2.041519e+00
3.077727e+00
2.045649e+00
2.042591e+00
2.044037e+00
3.073552e+00
2.241007e+00
2.242370e+00
3.258601e+00
3.081943e+00
4.094198e+00
2.248875e+00
4.095242e+00
2.250520e+00
2.219449e+00
2.220827e+00
2.842580e+00
2.221933e+00
2.844689e+00
2.223722e+00
2.846557e+00
2.227637e+00
2.845988e+00
2.107127e+00
2.850451e+00
2.108464e+00
2.856022e+00
2.853035e+00
2.113433e+00
2.114867e+00
2.116197e+00
2.117550e+00
2.118580e+00
2.119298e+00
2.726587e+00
2.728233e+00
2.730200e+00
2.288860e+00
2.868959e+00
2.290548e+00
2.875686e+00
2.260733e+00
2.261468e+00
1.848725e+00
1.850251e+00
2.266568e+00
1.852797e+00
1.854851e+00
1.856626e+00
2.274721e+00
2.308177e+00
2.277990e+00
2.886593e+00
2.884783e+00
2.279118e+00
2.315497e+00
2.156404e+00
2.157945e+00
2.159375e+00
2.131169e+00
2.324674e+00
2.326091e+00
2.295272e+00
2.485622e+00
2.936428e+00
2.487614e+00
2.489078e+00
2.488598e+00
2.489910e+00
2.491343e+00
2.492771e+00
2.494014e+00
2.495165e+00
2.369686e+00
2.371091e+00
2.978877e+00
2.342737e+00
2.344348e+00
2.345101e+00
4.362456e+00
4.372459e+00
2.541771e+00
4.358092e+00
4.319323e+00
2.393699e+00
4.318146e+00
4.317311e+00
4.317813e+00
4.321300e+00
4.029407e+00
4.375874e+00
4.333181e+00
2.564698e+00
2.567399e+00
2.568732e+00
2.570566e+00
4.016666e+00
4.015340e+00
3.597317e+00
2.576967e+00
3.594651e+00
2.419799e+00
3.595396e+00
3.592505e+00
2.427087e+00
3.609736e+00
3.603730e+00
3.581880e+00
3.583576e+00
2.432601e+00
3.442604e+00
2.436132e+00
3.590463e+00
2.437811e+00
3.446498e+00
3.440139e+00
3.444146e+00
2.416505e+00
3.450116e+00
3.451029e+00
2.611092e+00
2.612471e+00
2.421148e+00
3.200812e+00
2.424704e+00
2.618042e+00
2.428487e+00
2.429678e+00
2.431905e+00
2.593080e+00
2.434093e+00
3.212973e+00
2.437084e+00
2.438446e+00
2.597984e+00
3.216461e+00
3.214778e+00
2.603538e+00
3.223368e+00
3.221364e+00
3.217290e+00
3.222877e+00
2.487125e+00
3.225769e+00
3.230930e+00
3.227247e+00
3.100573e+00
3.098502e+00
3.235791e+00
3.234382e+00
3.236471e+00
3.236667e+00
3.107331e+00
3.245497e+00
3.111042e+00
2.668706e+00
3.113996e+00
2.637566e+00
2.640415e+00
3.118713e+00
2.483917e+00
2.646951e+00
2.679822e+00
2.522772e+00
2.684636e+00
2.652301e+00
2.525142e+00
2.496593e+00
2.498327e+00
2.659154e+00
2.501137e+00
2.692778e+00
2.503058e+00
2.695418e+00
2.665787e+00
2.508493e+00
2.510142e+00
2.704768e+00
2.257427e+00
2.674660e+00
2.516314e+00
2.678097e+00
2.680144e+00
2.265797e+00
2.681830e+00
2.268838e+00
2.267629e+00
2.555784e+00
2.719190e+00
2.686833e+00
2.559770e+00
2.275246e+00
2.531622e+00
2.693383e+00
2.563751e+00
2.534851e+00
2.726267e+00
2.727841e+00
2.697566e+00
2.540506e+00
2.700728e+00
2.540833e+00
2.703635e+00
2.544013e+00
2.545985e+00
2.706817e+00
2.547457e+00
2.740143e+00
2.782434e-01
2.793396e-01
2.810543e-01
2.829260e-01
2.844439e-01
2.716730e+00
2.588345e+00
3.760932e+00
4.595246e+00
4.587119e+00
4.585726e+00
2.901954e-01
4.527191e+00
4.583282e+00
4.529628e+00
4.531514e+00
4.527299e+00
4.578751e+00
4.519771e+00
4.521664e+00
4.519969e+00
4.240839e+00
4.241027e+00
4.242211e+00
4.236166e+00
4.500412e+00
4.236901e+00
4.235960e+00
4.238722e+00
4.231470e+00
4.230884e+00
4.235056e+00
4.228151e+00
4.226609e+00
4.239381e+00
4.221835e+00
4.224401e+00
4.225367e+00
4.226204e+00
4.224662e+00
4.589783e+00
2.777386e+00
4.227111e+00
4.230695e+00
2.779910e+00
2.780712e+00
2.749952e+00
3.802470e+00
2.782734e+00
3.804162e+00
2.754338e+00
3.804041e+00
3.806230e+00
3.808608e+00
3.781769e+00
3.792152e+00
3.803690e+00
3.785075e+00
3.815292e+00
3.643200e+00
3.643738e+00
3.640073e+00
3.641899e+00
3.641281e+00
3.791473e+00
3.810087e+00
3.640173e+00
3.642962e+00
3.645488e+00
3.638651e+00
3.643721e+00
2.613710e+00
3.796022e+00
3.652885e+00
3.390250e+00
3.817917e+00
2.615393e+00
3.394185e+00
3.390313e+00
3.394708e+00
3.396225e+00
3.395214e+00
3.399835e+00
3.395678e+00
3.397409e+00
3.396136e+00
3.397678e+00
3.403765e+00
3.403583e+00
3.402257e+00
3.403138e+00
3.400340e+00
3.397766e+00
3.240501e+00
3.396871e+00
3.408360e+00
2.795696e+00
3.648739e-01
3.663649e-01
2.798668e+00
2.641704e+00
2.800000e+00
3.704023e-01
3.717228e-01
3.729416e-01
2.678989e+00
3.283160e+00
3.762639e-01
2.648340e+00
2.807933e+00
2.808479e+00
2.809248e+00
2.685432e+00
3.291061e+00
2.813953e+00
2.655381e+00
2.656457e+00
2.657747e+00
2.818332e+00
2.819071e+00
2.820377e+00
2.404877e+00
2.821920e+00
2.821931e+00
2.856664e+00
2.665161e+00
2.824440e+00
2.825657e+00
2.666790e+00
2.860423e+00
2.669303e+00
2.669946e+00
2.669749e+00
4.232735e-01
3.335511e+00
3.338593e+00
3.339331e+00
3.340269e+00
3.341678e+00
3.343241e+00
3.336759e+00
3.336548e+00
3.336722e+00
3.340265e+00
3.341236e+00
3.345608e+00
3.346268e+00
3.335005e+00
3.336872e+00
3.340121e+00
3.338337e+00
3.341695e+00
3.346113e+00
3.347571e+00
3.349151e+00
3.351317e+00
3.353888e+00
3.354788e+00
7.300265e+00
7.301704e+00
7.302857e+00
7.304289e+00
7.305578e+00
7.307135e+00
7.308083e+00
1.373598e+01
1.373535e+01
1.373831e+01
1.374041e+01
1.374445e+01
1.374485e+01
1.374702e+01
2.789046e+01
2.789180e+01
2.789374e+01
2.789484e+01
2.789745e+01
2.789864e+01
2.790015e+01
5.478779e+01
5.478911e+01
5.479077e+01
5.479224e+01
5.479393e+01
5.479547e+01
