1.653834e-01
2.350921e-01
1.241822e-01
2.356229e-01
2.347561e-01
1.750746e-01
1.463953e-01
2.561945e-01
1.277830e-01
1.092479e-01
2.296810e-01
2.365962e-01
1.473916e-01
1.458683e-01
2.807643e-01
2.586313e-01
2.345337e-01
2.221284e-01
2.209191e-01
2.296566e-01
3.104866e-01
2.316495e-01
2.055041e-01
2.170032e-01
2.172090e-01
2.479589e-01
2.091617e-01
3.381520e-01
2.099582e-01
2.508831e-01
2.582481e-01
3.227463e-01
2.388934e-01
2.375982e-01
2.201915e-01
2.273034e-01
3.496167e-01
2.415410e-01
3.562528e-01
2.359382e-01
2.300227e-01
2.528878e-01
2.537560e-01
2.697029e-01
2.821060e-01
1.667584e-01
2.987304e-01
3.729506e-01
2.935896e-01
3.988720e-01
3.892872e-01
3.050704e-01
2.451479e-01
3.134034e-01
3.221518e-01
2.579398e-01
3.276576e-01
5.025136e-01
3.412301e-01
3.577057e-01
3.294652e-01
4.165457e-01
3.411976e-01
2.633467e-01
3.315131e-01
3.659804e-01
3.572514e-01
4.397833e-01
3.600621e-01
3.587865e-01
3.932047e-01
3.191775e-01
3.675296e-01
3.606342e-01
2.700707e-01
1.904511e-01
3.735571e-01
3.888266e-01
2.631496e-01
3.871528e-01
3.627669e-01
5.088557e-01
2.141082e-01
4.122082e-01
3.648639e-01
5.021240e-01
4.419900e-01
4.838732e-01
3.490705e-01
1.940047e-01
4.538549e-01
4.515844e-01
4.165759e-01
2.749039e-01
4.349425e-01
2.490211e-01
4.598398e-01
4.331650e-01
3.501873e-01
4.024602e-01
1.978358e-01
4.451690e-01
4.040929e-01
5.097367e-01
4.499732e-01
3.102254e-01
3.078555e-01
1.976395e-01
4.240223e-01
4.966994e-01
5.504527e-01
5.983543e-01
4.888627e-01
1.990676e-02
5.717616e-01
5.092961e-01
4.244153e-01
6.001575e-01
3.148595e-01
4.348278e-01
2.979165e-01
3.259052e-01
3.205432e-01
2.019387e-01
5.197732e-01
3.913130e-01
2.198476e-01
2.153290e-01
4.648700e-01
5.612266e-01
4.673419e-01
4.543526e-01
4.598025e-01
4.696531e-01
5.056190e-01
7.866703e-02
5.046492e-01
2.987395e-01
4.469842e-01
4.714850e-01
4.565600e-01
5.579468e-01
2.622264e-01
4.636964e-01
4.558585e-01
4.567418e-01
5.834600e-01
4.800062e-01
4.799618e-01
4.802601e-01
3.675041e-01
3.709546e-01
4.644276e-01
5.747265e-01
4.762386e-01
3.662674e-01
4.672989e-01
5.145203e-01
5.438761e-01
5.271856e-01
4.721878e-01
4.718352e-01
2.273601e-01
2.504777e-01
4.901279e-01
4.857314e-01
2.611997e-01
5.523641e-01
4.944171e-01
4.580906e-01
5.760897e-01
5.019872e-01
4.893005e-01
4.979197e-01
4.972213e-01
4.916098e-01
2.061285e-01
4.973623e-01
4.935886e-01
4.785374e-01
6.410941e-01
4.803933e-01
4.621789e-01
4.623050e-01
4.401879e-01
6.712511e-01
3.486272e-01
4.788821e-01
2.540250e-01
4.339443e-01
2.544670e-01
2.513398e-01
2.134645e-01
4.770032e-01
4.716036e-01
4.541207e-01
3.388469e-01
2.855124e-01
4.529686e-01
5.515500e-01
2.783868e-01
2.617735e-01
4.566125e-01
4.576923e-01
4.587718e-01
5.927029e-01
4.686557e-01
5.887809e-01
4.687050e-01
5.712202e-01
4.592890e-01
4.575947e-01
4.569871e-01
4.596954e-01
5.985729e-01
5.849964e-01
5.797902e-01
4.664413e-01
4.820260e-01
4.859890e-01
4.897389e-01
4.998990e-01
4.990533e-01
5.007428e-01
5.058213e-01
5.798789e-01
3.219044e-01
5.034187e-01
5.032740e-01
5.039974e-01
4.861847e-01
5.094918e-01
5.020789e-01
5.006925e-01
5.863301e-01
4.691781e-01
4.790730e-01
3.120790e-01
5.144756e-01
5.671841e-01
5.181900e-01
4.954620e-01
3.046861e-01
3.029328e-01
6.003917e-01
4.980354e-01
6.183649e-01
4.938955e-01
4.837606e-01
4.868139e-01
3.108431e-01
6.008315e-01
3.481267e-01
5.626332e-01
5.516509e-01
5.621412e-01
5.500062e-01
5.562232e-01
3.509009e-01
5.581909e-01
5.577675e-01
5.562403e-01
5.539794e-01
5.548527e-01
5.821495e-01
5.888789e-01
5.937276e-01
5.736576e-01
5.770897e-01
5.809496e-01
5.854315e-01
5.811116e-01
5.950392e-01
5.875649e-01
5.777455e-01
5.982738e-01
5.952253e-01
5.988580e-01
5.797952e-01
5.915835e-01
5.679932e-01
5.695331e-01
5.840303e-01
5.843627e-01
6.016978e-01
6.037636e-01
6.011745e-01
6.007398e-01
6.036899e-01
6.075223e-01
5.890414e-01
6.173679e-01
5.813184e-01
5.809943e-01
5.907459e-01
5.808581e-01
5.793962e-01
5.784940e-01
5.813968e-01
5.787997e-01
6.242048e-01
5.716982e-01
5.781810e-01
6.081162e-01
4.489111e-02
8.826169e-01
5.354585e-02
5.552626e-02
5.121775e-02
5.298481e-02
5.410520e-02
5.527018e-02
5.778272e-02
5.832609e-02
5.716259e-02
5.826412e-02
5.647937e-02
5.769528e-02
6.939811e-02
7.050829e-02
6.850087e-02
6.120149e-02
6.944545e-02
1.388135e-02
1.566847e-02
1.891972e-02
2.113890e-02
2.143564e-02
2.567662e-02
3.003891e-02
4.080176e-02
3.338742e-02
3.539323e-02
3.802147e-02
3.723150e-02
3.799330e-02
4.250851e-02
4.394165e-02
4.543969e-02
5.021640e-02
4.547982e-02
5.053191e-02
5.330648e-02
4.877041e-02
5.213025e-02
5.421909e-02
5.725827e-02
5.831702e-02
5.939096e-02
5.875021e-02
6.061722e-02
4.496843e-02
5.636395e-03
1.751075e-02
2.074565e-02
1.074659e-02
7.158633e-01
7.232678e-01
7.254380e-01
4.809596e-02
1.765575e-02
1.980336e-02
2.691722e-02
2.906815e-02
3.023883e-02
3.511943e-02
4.676255e-02
4.397534e-02
3.400455e-01
4.981969e-02
5.222776e-02
7.376418e-01
5.931239e-02
7.379013e-01
7.329251e-01
7.436641e-01
7.560334e-01
7.516174e-01
7.581853e-01
7.545271e-01
7.562081e-01
7.635353e-01
7.653722e-01
7.187769e-02
7.626001e-01
3.803692e-01
7.712959e-01
6.475593e-02
8.521882e-02
3.837269e-01
3.811872e-01
8.824749e-02
9.446078e-02
7.732853e-01
7.713079e-01
7.713381e-01
7.729548e-01
7.675857e-01
7.684114e-01
7.724014e-01
7.798384e-01
7.757149e-01
7.752699e-01
7.787245e-01
7.800396e-01
1.001671e-01
1.122065e-01
7.857521e-01
7.849597e-01
7.861867e-01
1.161022e-01
7.895259e-01
7.912381e-01
7.915321e-01
7.936974e-01
4.341343e-01
1.273599e-01
4.246967e-01
4.261124e-01
1.366388e-01
1.461278e-01
8.095327e-01
1.372462e-01
1.233235e-01
4.390045e-01
1.457874e-01
1.470026e-01
1.414559e-01
1.501288e-01
8.182127e-01
1.317163e-01
1.385482e-01
1.554722e-01
4.522498e-01
4.541670e-01
4.541807e-01
4.539075e-01
4.668920e-01
1.632292e-01
4.711923e-01
4.692390e-01
4.604462e-01
4.741904e-01
1.577303e-01
4.652658e-01
8.477381e-01
4.642998e-01
4.847497e-01
4.848949e-01
4.820016e-01
1.734030e-01
4.814372e-01
4.879105e-01
4.792838e-01
4.951782e-01
1.786037e-01
4.958851e-01
4.931341e-01
4.843620e-01
4.949619e-01
4.837226e-01
1.744643e-01
1.909605e-01
4.879507e-01
8.611654e-01
7.667452e-01
7.974717e-01
7.805339e-01
8.658763e-01
7.861414e-01
7.470964e-01
8.874023e-01
8.124235e-01
7.933248e-01
7.983635e-01
8.157028e-01
7.996542e-01
8.172256e-01
9.060222e-01
8.269419e-01
6.923207e-01
8.209410e-01
7.061708e-01
6.014396e-01
8.656469e-02
5.467104e-01
8.485345e-01
8.399959e-01
8.478275e-01
9.907015e-02
8.440912e-01
8.470166e-01
8.710652e-01
8.714888e-01
8.679556e-01
8.654783e-01
8.724222e-01
8.824585e-01
1.185968e-01
7.501610e-01
8.920082e-01
8.206013e-01
7.529583e-01
1.368985e-01
8.906986e-01
9.011933e-01
8.792430e-01
8.830136e-01
9.585068e-01
7.704026e-01
8.934895e-01
8.961671e-01
1.293579e+00
1.578951e-01
1.410629e-01
9.276307e-01
9.660626e-01
9.019949e-01
9.212329e-01
9.041807e-01
9.235657e-01
9.250663e-01
9.250848e-01
9.224644e-01
9.293947e-01
9.297815e-01
9.150390e-01
8.010341e-01
8.039574e-01
9.227217e-01
9.234060e-01
9.410530e-01
9.381034e-01
9.288723e-01
9.296441e-01
9.312855e-01
2.379781e-01
9.390812e-01
9.514927e-01
8.185611e-01
8.165537e-01
8.221913e-01
8.222269e-01
9.657900e-01
8.244766e-01
8.226652e-01
9.583351e-01
8.284448e-01
9.650335e-01
9.514103e-01
2.004702e-01
9.663394e-01
8.379507e-01
9.580723e-01
9.606100e-01
8.441223e-01
6.864152e-01
9.682015e-01
9.700193e-01
9.705785e-01
6.912254e-01
9.741060e-01
8.547765e-01
2.363483e-01
2.379559e-01
2.399796e-01
2.415267e-01
2.399309e-01
8.938985e-01
8.717974e-01
6.714462e-01
9.021224e-01
9.033517e-01
6.913975e-01
7.138072e-01
1.009403e+00
8.792386e-01
9.085205e-01
6.814686e-01
2.562101e-01
9.099742e-01
7.229069e-01
8.833374e-01
8.874062e-01
6.924249e-01
1.025639e+00
8.899214e-01
8.901683e-01
8.933180e-01
8.957554e-01
7.169080e-01
9.031740e-01
9.046564e-01
9.064007e-01
2.952197e-01
9.087315e-01
7.458094e-01
9.109071e-01
7.054151e-01
9.198838e-01
9.214617e-01
1.040246e+00
9.209485e-01
9.234786e-01
3.033265e-01
1.052343e+00
9.241258e-01
7.643847e-01
1.456056e+00
7.707161e-01
7.290311e-01
7.759589e-01
3.132728e-01
7.460072e-01
7.809550e-01
7.808984e-01
1.461205e+00
3.088991e-01
7.875977e-01
3.266950e-01
7.976742e-01
3.227680e-01
7.926799e-01
7.922147e-01
7.958976e-01
7.988676e-01
8.001243e-01
1.097479e+00
9.685017e-01
7.944360e-01
7.963225e-01
9.706805e-01
7.993255e-01
7.869192e-01
9.721300e-01
7.646628e-01
3.457207e-01
9.776001e-01
3.516008e-01
8.091134e-01
8.165749e-01
3.531353e-01
7.904148e-01
7.795488e-01
8.129573e-01
3.569757e-01
9.905528e-01
3.618373e-01
8.144296e-01
8.106930e-01
8.004629e-01
7.985829e-01
8.018873e-01
8.012821e-01
9.969889e-01
3.727634e-01
1.003620e+00
3.764914e-01
7.990519e-01
8.104447e-01
3.729714e-01
8.221624e-01
3.828271e-01
8.417015e-01
8.079298e-01
1.013641e+00
1.014247e+00
8.313141e-01
8.271796e-01
1.019042e+00
1.017533e+00
8.292817e-01
1.025331e+00
1.023363e+00
3.994309e-01
1.025555e+00
8.333994e-01
1.028943e+00
1.030510e+00
8.507575e-01
8.367395e-01
8.759718e-01
8.652462e-01
8.342614e-01
8.675243e-01
8.389928e-01
8.407988e-01
8.533843e-01
8.419703e-01
8.455751e-01
8.601942e-01
8.536234e-01
4.137703e-01
8.489226e-01
8.519322e-01
4.242222e-01
1.058630e+00
8.668040e-01
8.664111e-01
8.682010e-01
4.171042e-01
8.728948e-01
8.676491e-01
4.413016e-01
1.068918e+00
8.985390e-01
1.073361e+00
4.499522e-01
9.134672e-01
4.495634e-01
4.536080e-01
4.555134e-01
8.840279e-01
9.048913e-01
4.517537e-01
9.219145e-01
9.008220e-01
4.638425e-01
9.305151e-01
9.374611e-01
4.691690e-01
9.301054e-01
4.651917e-01
9.410893e-01
9.399168e-01
9.366950e-01
9.424873e-01
4.838778e-01
9.390640e-01
9.541444e-01
5.310184e-01
9.568755e-01
7.081096e-02
9.343500e-01
9.364888e-01
9.182076e-01
9.157694e-01
9.414342e-01
9.196034e-01
9.359557e-01
9.237774e-01
5.031796e-01
5.068097e-01
5.551774e-01
9.490212e-01
9.543976e-01
5.129535e-01
9.613618e-01
9.363892e-01
9.633929e-01
9.521729e-01
9.751200e-01
9.449157e-01
9.670014e-01
9.442801e-01
5.095238e-01
5.222713e-01
9.647877e-01
1.165131e+00
9.783393e-01
9.873888e-01
9.794193e-01
5.397913e-01
9.779565e-01
1.168792e+00
9.660041e-01
9.755224e-01
1.176550e+00
5.416125e-01
1.174827e+00
1.174896e+00
1.175254e+00
5.370520e-01
5.389582e-01
1.176332e+00
9.760369e-01
9.791709e-01
9.903424e-01
1.185314e+00
9.868222e-01
1.186075e+00
1.186406e+00
5.532960e-01
5.632026e-01
9.932040e-01
1.190580e+00
1.188962e+00
9.914973e-01
5.672495e-01
9.945317e-01
5.858233e-01
1.001915e+00
5.875420e-01
1.030431e+00
5.483351e-01
1.012837e+00
1.193753e+00
5.363577e-01
5.962673e-01
9.949374e-01
1.005137e+00
1.009269e+00
5.599491e-01
9.971513e-01
5.578213e-01
5.419247e-01
5.406676e-01
1.006735e+00
9.951873e-01
5.796677e-01
5.695048e-01
1.008487e+00
5.739215e-01
5.498657e-01
5.494489e-01
5.462021e-01
1.207339e-01
5.490020e-01
6.037446e-01
1.238719e-01
5.710405e-01
5.697078e-01
5.465950e-01
5.553073e-01
5.570027e-01
5.579556e-01
5.536330e-01
5.553328e-01
5.794600e-01
5.651674e-01
1.396402e-01
5.664530e-01
6.004793e-01
6.257341e-01
5.893592e-01
5.901882e-01
5.698432e-01
5.927433e-01
5.769249e-01
5.916102e-01
6.004509e-01
6.010522e-01
5.849838e-01
5.854366e-01
6.048024e-01
6.064231e-01
5.939845e-01
5.939354e-01
5.952963e-01
5.952903e-01
5.967673e-01
5.990419e-01
6.004598e-01
6.213790e-01
6.041844e-01
6.064977e-01
6.128563e-01
1.841916e-01
6.168389e-01
6.161287e-01
6.201339e-01
6.203571e-01
6.224009e-01
6.240636e-01
6.179566e-01
6.258017e-01
6.275052e-01
6.458182e-01
6.511417e-01
6.492430e-01
6.267837e-01
6.360130e-01
6.387393e-01
6.394881e-01
6.415128e-01
6.435306e-01
6.451815e-01
2.414804e-01
6.458592e-01
2.394002e-01
6.440247e-01
2.189795e-01
6.643597e-01
6.472061e-01
6.534791e-01
6.550467e-01
6.589851e-01
2.319184e-01
6.603592e-01
2.517553e-01
6.639978e-01
6.638118e-01
6.615092e-01
6.842134e-01
6.599405e-01
2.424846e-01
2.446215e-01
2.455984e-01
6.949010e-01
2.510203e-01
2.506809e-01
2.559475e-01
6.791607e-01
6.799090e-01
2.601141e-01
2.628383e-01
6.879092e-01
2.653489e-01
2.685385e-01
6.819466e-01
7.024804e-01
7.046967e-01
2.640458e-01
7.046441e-01
2.544068e-01
7.019048e-01
7.075476e-01
7.089293e-01
7.125796e-01
7.077541e-01
2.858558e-01
2.870491e-01
7.110841e-01
2.915526e-01
7.176976e-01
7.358865e-01
2.939261e-01
2.970904e-01
2.978094e-01
2.981672e-01
2.989621e-01
3.010740e-01
3.025886e-01
3.043405e-01
3.054914e-01
3.021478e-01
3.096677e-01
3.113142e-01
3.113253e-01
7.417296e-01
3.144347e-01
3.195705e-01
7.484666e-01
3.181872e-01
3.196597e-01
3.210159e-01
3.223719e-01
3.210662e-01
3.212093e-01
3.223266e-01
3.243450e-01
3.255506e-01
3.263675e-01
3.281307e-01
3.292324e-01
3.310556e-01
3.316810e-01
3.331555e-01
3.338732e-01
3.357128e-01
3.443615e-01
3.298174e-01
3.310942e-01
3.320362e-01
7.693843e-01
7.796043e-01
3.517733e-01
7.835192e-01
3.478334e-01
7.777865e-01
7.772756e-01
7.788103e-01
7.816102e-01
7.866554e-01
7.921175e-01
7.904876e-01
7.973044e-01
7.943096e-01
7.900267e-01
3.716560e-01
7.966505e-01
8.017135e-01
8.043382e-01
8.038998e-01
7.991860e-01
8.028416e-01
8.012413e-01
7.994797e-01
8.038411e-01
8.045398e-01
8.131886e-01
8.099045e-01
3.813375e-01
8.117278e-01
8.052670e-01
8.160492e-01
8.169287e-01
8.088140e-01
8.076856e-01
8.340855e-01
