9.420008e-03
1.272592e-02
1.598916e-02
1.358344e-02
3.298632e-02
3.443858e-02
2.926269e-02
3.807551e-02
7.950420e-02
3.120751e-02
3.611572e-02
9.408882e-02
3.418382e-02
3.594994e-02
9.225790e-02
1.056354e-01
4.637552e-02
1.291854e-01
1.473537e-01
6.114377e-02
1.480326e-01
2.142588e-01
1.579575e-01
8.955511e-02
9.501993e-02
1.006020e-01
7.986150e-02
1.132610e-01
1.039080e-01
1.276994e-01
1.323874e-01
1.221958e-01
1.469046e-01
1.714225e-01
1.732371e-01
2.312385e-01
2.382641e-01
2.396817e-01
2.359353e-01
2.381969e-01
2.401620e-01
2.500984e-01
2.223210e-01
2.489115e-01
1.969562e-01
2.442975e-01
2.101242e-01
2.180202e-01
2.368193e-01
2.273036e-01
2.274133e-01
1.996743e-01
2.490358e-01
2.298047e-01
2.320041e-01
2.230082e-01
2.227708e-01
2.328270e-01
2.286783e-01
2.207742e-01
2.297035e-01
2.354230e-01
2.293973e-01
2.191598e-01
2.478286e-01
2.035750e-01
2.230127e-01
2.436609e-01
2.221356e-01
2.216631e-01
2.172790e-01
2.156444e-01
1.882969e-01
2.147557e-01
2.201872e-01
2.112191e-01
2.240232e-01
2.156054e-01
2.560588e-01
2.148531e-01
2.122809e-01
2.268144e-01
2.277450e-01
2.611952e-01
2.420059e-01
2.587517e-01
2.393432e-01
2.392331e-01
2.356516e-01
2.525177e-01
2.494123e-01
2.412984e-01
2.295725e-01
2.273695e-01
2.261514e-01
2.337656e-01
2.332441e-01
2.320898e-01
2.344572e-01
2.310105e-01
